% -------------------------------------------------------------------
%  Generated by MATLAB on 25-Oct-2024 13:01:14
%  MATLAB version: 9.14.0.2239454 (R2023a) Update 1
% -------------------------------------------------------------------
                                           

p = 100;

test1 = 4.793;

test2 = 23.847;

test3 = 47.553;

test4 = 4.458;

test5 = 24.189;

test6 = 48.178;

test7 = 4.87;

test8 = 23.865;

test9 = 48.411;

